59
73
78
75
67
62
87
56
67
81
88
75
67
75
75
59
88
64
80
81
62
61
79
60
82
64
57
82
83
74
81
84
58
85
92
87
73
79
72
85
61
71
75
69
84
81
62
78
82
60
73
75
88
80
91
79
61
77
80
86
68
57
86
80
85
84
64
84
80
78
86
68
84
90
64
80
71
81
63
103
88
60
75
84
87
76
72
65
67
69
80
74
78
62
87
78
79
65
64
66
72
85
63
76
71
78
60
83
75
65
93
73
82
66
63
64
59
58
86
73
71
71
74
57
69
69
83
62
71
73
76
72
80
82
64
68
83
64
87
85
77
79
71
64
62
91
65
70
73
75
71
55
67
65
78
91
59
77
74
80
79
78
81
72
82
95
61
63
82
77
68
58
90
67
85
92
62
75
50
91
80
68
67
79
65
79
60
80
84
81
64
63
83
75
85
65
78
70
68
80
73
58
79
73
77
67
64
75
70
55
74
74
76
76
66
67
73
65
82
61
80
71
62
69
70
77
59
61
79
82
79
62
74
68
67
67
58
79
70
94
84
83
80
57
66
71
66
78
75
61
62
67
80
75
74
87
66
109
72
52
88
61
70
68
67
79
56
95
77
67
65
79
86
83
75
72
70
64
63
80
72
78
92
68
60
80
78
77
77
77
74
78
86
71
74
73
81
83
96
69
58
82
83
78
76
71
77
65
66
81
83
75
79
59
69
93
70
83
85
53
72
83
74
82
77
82
70
84
55
72
76
64
76
74
74
77
64
80
61
70
74
86
81
69
95
73
73
73
86
85
82
78
77
84
66
95
78
76
83
73
63
61
52
69
79
72
84
88
60
62
88
80
94
75
69
72
90
78
63
78
65
54
67
69
67
85
81
82
64
62
93
88
72
71
65
66
55
73
78
75
72
76
70
82
63
80
74
72
71
50
67
82
88
84
65
76
92
92
83
67
87
73
59
87
82
72
72
76
86
56
70
54
82
89
65
85
86
76
92
59
82
75
76
67
64
77
80
69
74
84
61
66
71
85
86
81
73
77
90
69
77
81
78
78
79
66
63
62
73
88
77
57
61
78
87
60
81
87
66
65
66
84
75
66
72
71
72
71
82
60
68
63
55
71
75
80
77
71
55
92
92
68
89
70
68
72
79
65
78
83
55
77
58
79
74
78
72
84
70
71
60
66
70
74
76
78
91
68
84
62
75
73
77
68
65
69
73
58
60
63
77
68
81
79
68
79
88
71
91
82
75
72
84
76
56
57
100
78
81
69
71
76
77
72
77
85
87
93
71
72
80
58
68
80
90
63
88
72
77
79
79
84
80
70
84
74
69
49
77
82
71
83
68
63
70
67
60
88
66
71
76
60
73
85
60
83
65
91
58
88
63
68
92
62
67
73
70
77
82
67
71
85
82
98
63
98
91
72
80
62
64
68
65
74
68
88
68
72
76
77
80
70
64
86
63
69
92
69
85
60
65
54
61
62
65
77
93
73
84
84
68
75
65
83
75
73
71
69
66
74
68
71
76
58
71
74
71
77
79
76
62
77
88
76
70
74
68
72
71
79
79
69
70
64
79
74
80
76
80
90
85
81
68
65
79
75
57
58
80
63
95
75
87
77
72
73
86
90
75
64
82
75
96
70
69
82
73
76
75
78
72
72
72
72
81
59
79
69
77
54
72
84
96
82
73
64
80
65
79
77
65
90
77
86
76
76
89
75
72
69
97
92
76
82
74
79
72
72
75
81
77
73
84
82
80
76
75
85
83
84
65
60
85
76
73
75
83
74
88
77
65
72
57
81
71
83
90
90
58
58

  Min: 49
  Max: 109
Range: 61
 Mean: 74.26
StDev: 9.66