66
51
11
68
10
40
98
75
41
54
59
73
52
10
43
39
51
60
6
23
60
44
91
63
27
90
85
76
66
24
32
51
19
7
99
51
44
7
40
27
44
82
79
24
78
5
90
66
95
17
29
97
28
16
92
84
34
87
38
25
3
90
5
15
73
92
62
31
78
58
21
47
78
10
59
41
1
8
68
91
27
99
7
39
52
100
53
63
30
1
0
82
16
34
91
53
5
20
34
10
55
35
59
57
48
3
7
47
63
38
57
53
68
52
32
65
31
100
68
44
1
29
97
25
89
88
45
97
19
84
63
88
30
39
34
10
46
7
6
19
25
3
54
29
40
88
65
0
91
57
100
44
61
19
50
51
71
41
25
84
100
71
68
4
54
71
15
85
49
97
81
3
88
0
64
78
7
11
9
98
96
84
13
55
54
37
19
98
56
13
26
38
38
63
7
5
74
62
68
20
79
73
51
17
15
65
42
79
17
71
50
16
6
55
69
55
60
27
45
59
8
42
77
49
85
32
97
30
86
53
17
23
89
2
89
34
80
52
89
47
83
36
99
30
55
94
45
26
100
58
87
66
36
100
71
95
28
4
97
42
46
91
35
73
44
44
82
26
92
51
86
5
73
4
4
13
22
17
85
52
9
95
5
15
92
20
31
72
50
67
94
71
32
4
3
32
95
17
40
10
71
91
16
20
71
70
45
27
5
70
72
99
84
21
68
74
57
23
22
35
57
91
48
83
89
73
74
29
75
58
18
93
14
11
1
84
7
47
15
6
53
82
5
65
87
98
29
53
4
54
34
38
72
50
65
100
68
26
69
37
95
80
99
90
63
96
85
4
30
90
24
72
86
24
55
85
30
55
38
67
22
9
1
57
88
84
100
12
11
55
80
67
62
30
68
5
32
61
32
58
87
41
60
8
24
82
30
35
15
69
86
31
23
54
3
41
88
12
92
44
0
76
74
14
21
45
85
49
48
24
7
44
31
5
32
43
35
91
23
96
93
29
14
62
25
58
29
56
99
8
98
76
11
67
62
27
68
0
72
18
10
75
9
60
55
17
6
77
14
25
61
41
31
65
33
35
36
17
59
11
30
12
78
13
6
43
80
27
36
61
2
89
90
2
6
67
75
2
63
25
91
59
80
63
13
22
26
4
17
2
40
52
99
80
56
97
93
86
93
80
66
60
9
59
57
34
5
84
3
29
69
44
63
95
58
80
15
34
68
38
55
15
83
5
85
98
3
43
90
52
47
59
14
18
22
79
88
41
15
57
48
97
11
66
100
9
43
17
62
80
68
27
69
86
17
12
94
32
57
25
98
70
14
19
72
45
27
28
10
77
43
20
28
71
54
14
62
38
17
75
14
99
87
44
29
66
1
27
5
91
24
35
33
48
15
70
28
85
22
51
49
73
63
87
21
57
36
34
95
66
2
92
32
99
13
63
53
33
58
61
22
33
28
68
8
73
2
16
5
84
61
64
41
31
65
15
17
27
9
73
76
25
82
9
21
42
19
36
2
32
28
29
21
38
77
25
40
14
89
42
13
68
24
94
71
18
94
66
50
12
13
99
93
9
100
53
73
3
28
41
93
48
25
46
32
91
28
52
35
93
29
60
66
35
48
56
24
42
60
92
61
81
18
72
88
86
64
88
13
40
12
37
74
20
96
16
7
79
89
41
39
82
99
91
60
96
81
93
52
42
4
61
67
21
79
64
86
53
7
87
5
84
94
93
57
31
58
74
1
21
69
13
96
76
38
96
43
60
97
22
93
57
46
86
15
40
21
88
68
45
41
48
12
96
40
35
10
24
11
97
  Min: 0
  Max: 100
Range: 101
 Mean: 49.13
StDev: 29.69